43 59
8 8 8
                                                                                                                                                                                            
2 1 0 8 16 XOR
2 1 0 8 17 AND
2 1 1 17 18 XOR
2 1 9 17 19 XOR
2 1 1 19 20 XOR
2 1 18 19 21 AND
2 1 17 21 22 XOR
2 1 2 22 23 XOR
2 1 10 22 24 XOR
2 1 2 24 25 XOR
2 1 23 24 26 AND
2 1 22 26 27 XOR
2 1 3 27 28 XOR
2 1 11 27 29 XOR
2 1 3 29 30 XOR
2 1 28 29 31 AND
2 1 27 31 32 XOR
2 1 4 32 33 XOR
2 1 12 32 34 XOR
2 1 4 34 35 XOR
2 1 33 34 36 AND
2 1 32 36 37 XOR
2 1 5 37 38 XOR
2 1 13 37 39 XOR
2 1 5 39 40 XOR
2 1 38 39 41 AND
2 1 37 41 42 XOR
2 1 6 42 43 XOR
2 1 14 42 44 XOR
2 1 6 44 45 XOR
2 1 43 44 46 AND
2 1 42 46 47 XOR
2 1 47 15 48 XOR
2 1 48 7 49 XOR
2 1 0 0 50 XOR
2 1 50 16 51 XOR
2 1 50 20 52 XOR
2 1 50 25 53 XOR
2 1 50 30 54 XOR
2 1 50 35 55 XOR
2 1 50 40 56 XOR
2 1 50 45 57 XOR
2 1 50 49 58 XOR
